        Frequency / GHz                S1,1/abs,dB
----------------------------------------------------------------------
                       1                     -0.15566933
                   1.002                     -0.15101503
               1.0039999                      -0.1460673
                   1.006                     -0.14085568
                   1.008                     -0.13540975
                    1.01                     -0.12976007
                   1.012                     -0.12393726
               1.0140001                     -0.11797279
                   1.016                     -0.11189757
                   1.018                     -0.10574297
                    1.02                     -0.09953898
                   1.022                    -0.093316486
                   1.024                    -0.087104605
                   1.026                    -0.080933313
                   1.028                    -0.074829971
                    1.03                    -0.068823098
               1.0319999                    -0.062938632
                   1.034                    -0.057202486
                   1.036                    -0.051639214
                   1.038                    -0.046270196
                    1.04                    -0.041118154
               1.0420001                    -0.036203772
                   1.044                    -0.031545737
                   1.046                    -0.027160859
                   1.048                    -0.023064402
                    1.05                    -0.019271862
                   1.052                    -0.015795185
                   1.054                    -0.012645958
                   1.056                   -0.0098328483
                   1.058                   -0.0073640725
               1.0599999                   -0.0052444926
                   1.062                   -0.0034811662
                   1.064                   -0.0020724481
                   1.066                    -0.001025346
                   1.068                  -0.00033396385
               1.0700001                  -2.0929077e-07
                   1.072                  -1.9400716e-05
                   1.074                  -0.00038516247
                   1.076                   -0.0010935407
               1.0779999                   -0.0021342451
                    1.08                   -0.0035000283
                   1.082                   -0.0051809476
                   1.084                   -0.0071622989
                   1.086                   -0.0094331382
               1.0880001                    -0.011980781
                    1.09                    -0.014787782
                   1.092                    -0.017839546
                   1.094                    -0.021118537
                   1.096                      -0.0246081
                   1.098                    -0.028288928
                     1.1                    -0.032142674
                   1.102                    -0.036149536
                   1.104                    -0.040288822
               1.1059999                     -0.04454086
                   1.108                    -0.048885984
                    1.11                    -0.053302352
                   1.112                    -0.057767633
                   1.114                    -0.062263812
               1.1160001                    -0.066767145
                   1.118                    -0.071260158
                    1.12                    -0.075719736
                   1.122                    -0.080127094
                   1.124                    -0.084463024
                   1.126                    -0.088708201
                   1.128                    -0.092843823
                    1.13                    -0.096852589
                   1.132                     -0.10071838
               1.1339999                     -0.10442554
                   1.136                     -0.10795651
                   1.138                     -0.11130018
                    1.14                     -0.11444167
                   1.142                     -0.11737031
               1.1440001                     -0.12007357
                   1.146                     -0.12254381
                   1.148                     -0.12477256
                    1.15                     -0.12675281
                   1.152                     -0.12847697
                   1.154                     -0.12994192
                   1.156                     -0.13114502
                   1.158                     -0.13208355
                    1.16                     -0.13275634
               1.1619999                     -0.13316573
                   1.164                     -0.13331218
                   1.166                     -0.13319958
                   1.168                     -0.13283209
                    1.17                     -0.13221501
               1.1720001                     -0.13135605
                   1.174                     -0.13026159
                   1.176                     -0.12894021
                   1.178                     -0.12740343
               1.1799999                     -0.12566056
                   1.182                      -0.1237226
                   1.184                     -0.12160327
                   1.186                       -0.119314
                   1.188                     -0.11686936
               1.1900001                      -0.1142827
                   1.192                     -0.11156963
                   1.194                     -0.10874395
                   1.196                     -0.10582106
                   1.198                     -0.10281694
                     1.2                    -0.099747319
                   1.202                    -0.096626413
                   1.204                    -0.093472605
                   1.206                    -0.090300296
               1.2079999                    -0.087124136
                    1.21                    -0.083961385
                   1.212                    -0.080824936
                   1.214                    -0.077730829
                   1.216                    -0.074693665
               1.2180001                     -0.07172666
                    1.22                    -0.068843633
                   1.222                    -0.066056516
                   1.224                    -0.063378533
                   1.226                    -0.060820517
                   1.228                    -0.058394152
                    1.23                    -0.056108753
                   1.232                    -0.053973398
                   1.234                     -0.05199784
               1.2359999                    -0.050189274
                   1.238                    -0.048553872
                    1.24                    -0.047097624
                   1.242                    -0.045826468
                   1.244                    -0.044744308
               1.2460001                    -0.043855594
                   1.248                    -0.043160295
                    1.25                    -0.042661672
                   1.252                    -0.042359834
               1.2539999                    -0.042254687
                   1.256                    -0.042345607
                   1.258                    -0.042629467
                    1.26                    -0.043104649
                   1.262                    -0.043767121
               1.2640001                      -0.0446115
                   1.266                    -0.045634547
                   1.268                    -0.046828498
                    1.27                    -0.048187732
                   1.272                    -0.049704623
                   1.274                    -0.051369981
                   1.276                    -0.053177976
                   1.278                    -0.055118133
                    1.28                     -0.05717974
               1.2819999                    -0.059354062
                   1.284                    -0.061629893
                   1.286                    -0.063997654
                   1.288                    -0.066445841
                    1.29                    -0.068961494
               1.2920001                     -0.07153445
                   1.294                    -0.074152221
                   1.296                    -0.076803427
                   1.298                    -0.079476127
                     1.3                    -0.082157945
                   1.302                     -0.08483826
                   1.304                    -0.087502965
                   1.306                     -0.09014208
                   1.308                     -0.09274456
               1.3099999                    -0.095298744
                   1.312                    -0.097793061
                   1.314                     -0.10021918
                   1.316                     -0.10256517
                   1.318                     -0.10482179
               1.3200001                     -0.10698061
                   1.322                     -0.10903279
                   1.324                     -0.11097012
                   1.326                       -0.112786
               1.3279999                     -0.11447297
                    1.33                     -0.11602582
                   1.332                      -0.1174383
                   1.334                     -0.11870461
                   1.336                     -0.11982452
               1.3380001                     -0.12079146
                    1.34                     -0.12160505
                   1.342                     -0.12226153
                   1.344                      -0.1227616
                   1.346                     -0.12310451
                   1.348                     -0.12329092
                    1.35                     -0.12332246
                   1.352                     -0.12319978
                   1.354                     -0.12292721
               1.3559999                     -0.12250789
                   1.358                     -0.12194439
                    1.36                     -0.12124322
                   1.362                     -0.12040904
                   1.364                     -0.11944704
               1.3660001                     -0.11836519
                   1.368                      -0.1171688
                    1.37                     -0.11586651
                   1.372                     -0.11446599
                   1.374                     -0.11297496
                   1.376                      -0.1114026
                   1.378                     -0.10975739
                    1.38                     -0.10804755
                   1.382                     -0.10628469
               1.3839999                     -0.10447754
                   1.386                     -0.10263433
                   1.388                     -0.10076628
                    1.39                    -0.098881579
                   1.392                     -0.09699205
               1.3940001                    -0.095107405
                   1.396                    -0.093235301
                   1.398                    -0.091386309
                     1.4                    -0.089569201
                   1.402                    -0.087793086
                   1.404                    -0.086067594
                   1.406                    -0.084400221
                   1.408                    -0.082799575
                    1.41                    -0.081273104
               1.4119999                    -0.079828956
                   1.414                    -0.078473205
                   1.416                    -0.077211814
                   1.418                    -0.076052463
                    1.42                    -0.074999653
               1.4220001                    -0.074057865
                   1.424                    -0.073232993
                   1.426                    -0.072527843
                   1.428                    -0.071945001
               1.4299999                    -0.071489269
                   1.432                    -0.071160365
                   1.434                    -0.070962621
                   1.436                    -0.070895228
                   1.438                    -0.070958144
               1.4400001                    -0.071152936
                   1.442                    -0.071477581
                   1.444                    -0.071931616
                   1.446                    -0.072511676
                   1.448                    -0.073215971
                    1.45                    -0.074042792
                   1.452                    -0.074986829
                   1.454                    -0.076045411
                   1.456                    -0.077212968
               1.4579999                    -0.078485513
                    1.46                    -0.079856863
                   1.462                    -0.081322001
                   1.464                    -0.082874119
                   1.466                    -0.084505692
               1.4680001                    -0.086212901
                    1.47                    -0.087985814
                   1.472                     -0.08981763
                   1.474                    -0.091701979
                   1.476                    -0.093628906
                   1.478                    -0.095592006
                    1.48                    -0.097582893
                   1.482                    -0.099593823
                   1.484                     -0.10161565
               1.4859999                     -0.10364046
                   1.488                     -0.10566022
                    1.49                     -0.10766742
                   1.492                     -0.10965243
                   1.494                      -0.1116087
               1.4960001                     -0.11352807
                   1.498                     -0.11540467
                     1.5                     -0.11722898
                   1.502                      -0.1189945
               1.5039999                     -0.12069429
                   1.506                     -0.12232341
                   1.508                     -0.12387568
                    1.51                     -0.12534475
                   1.512                     -0.12672668
               1.5140001                     -0.12801502
                   1.516                      -0.1292063
                   1.518                      -0.1302973
                    1.52                     -0.13128456
                   1.522                     -0.13216598
                   1.524                     -0.13293736
                   1.526                     -0.13359822
                   1.528                     -0.13414847
                    1.53                     -0.13458609
               1.5319999                     -0.13491123
                   1.534                      -0.1351238
                   1.536                      -0.1352262
                   1.538                     -0.13521797
                    1.54                     -0.13510357
               1.5420001                     -0.13488414
                   1.544                     -0.13456186
                   1.546                     -0.13414248
                   1.548                     -0.13362727
                    1.55                     -0.13302232
                   1.552                     -0.13233257
                   1.554                     -0.13156171
                   1.556                     -0.13071635
                   1.558                     -0.12980179
               1.5599999                     -0.12882556
                   1.562                      -0.1277927
                   1.564                      -0.1267096
                   1.566                     -0.12558421
                   1.568                     -0.12442219
               1.5700001                     -0.12323303
                   1.572                     -0.12202177
                   1.574                     -0.12079722
                   1.576                     -0.11956592
               1.5779999                     -0.11833589
                    1.58                     -0.11711359
                   1.582                     -0.11590819
                   1.584                     -0.11472506
                   1.586                     -0.11357274
               1.5880001                     -0.11245669
                    1.59                     -0.11138556
                   1.592                     -0.11036456
                   1.594                     -0.10940152
                   1.596                     -0.10850086
                   1.598                     -0.10766911
                     1.6                     -0.10691139
                   1.602                     -0.10623401
                   1.604                     -0.10564011
               1.6059999                     -0.10513461
                   1.608                     -0.10472264
                    1.61                     -0.10440669
                   1.612                     -0.10419016
                   1.614                     -0.10407514
               1.6160001                     -0.10406525
                   1.618                     -0.10416166
                    1.62                     -0.10436554
                   1.622                     -0.10467823
                   1.624                     -0.10509964
                   1.626                     -0.10563022
                   1.628                     -0.10626805
                    1.63                     -0.10701474
                   1.632                     -0.10786675
               1.6339999                     -0.10882191
                   1.636                     -0.10988019
                   1.638                     -0.11103679
                    1.64                     -0.11228888
                   1.642                      -0.1136337
               1.6440001                     -0.11506579
                   1.646                     -0.11658228
                   1.648                     -0.11817842
                    1.65                     -0.11984826
                   1.652                     -0.12158627
                   1.654                     -0.12338825
                   1.656                     -0.12524665
                   1.658                     -0.12715708
                    1.66                     -0.12911255
               1.6619999                     -0.13110556
                   1.664                     -0.13313107
                   1.666                     -0.13518115
                   1.668                     -0.13724926
                    1.67                     -0.13932854
               1.6720001                     -0.14141189
                   1.674                     -0.14349436
                   1.676                     -0.14556544
                   1.678                     -0.14762104
               1.6799999                     -0.14965422
                   1.682                     -0.15165809
                   1.684                     -0.15362479
                   1.686                     -0.15555056
                   1.688                     -0.15742771
               1.6900001                     -0.15925096
                   1.692                       -0.161015
                   1.694                     -0.16271424
                   1.696                      -0.1643448
                   1.698                     -0.16590165
                     1.7                     -0.16738029
                   1.702                     -0.16877737
                   1.704                     -0.17008944
                   1.706                     -0.17131398
               1.7079999                     -0.17244693
                    1.71                     -0.17348847
                   1.712                     -0.17443593
                   1.714                      -0.1752891
                   1.716                     -0.17604606
               1.7180001                     -0.17670727
                    1.72                     -0.17727352
                   1.722                     -0.17774448
                   1.724                     -0.17812232
                   1.726                     -0.17840935
                   1.728                     -0.17860656
                    1.73                     -0.17871685
                   1.732                     -0.17874464
                   1.734                      -0.1786914
               1.7359999                     -0.17856199
                   1.738                     -0.17836172
                    1.74                     -0.17809438
                   1.742                     -0.17776406
                   1.744                     -0.17737785
               1.7460001                     -0.17694069
                   1.748                     -0.17645852
                    1.75                     -0.17593875
                   1.752                     -0.17538471
               1.7539999                     -0.17480649
                   1.756                     -0.17420924
                   1.758                     -0.17359995
                    1.76                     -0.17298518
                   1.762                     -0.17237317
               1.7640001                     -0.17177066
                   1.766                     -0.17118445
                   1.768                     -0.17062215
                    1.77                     -0.17009071
                   1.772                     -0.16959721
                   1.774                     -0.16914776
                   1.776                     -0.16874998
                   1.778                     -0.16840992
                    1.78                     -0.16813511
               1.7819999                     -0.16793029
                   1.784                     -0.16780194
                   1.786                     -0.16775651
                   1.788                     -0.16779749
                    1.79                     -0.16793245
               1.7920001                     -0.16816291
                   1.794                     -0.16849692
                   1.796                     -0.16893473
                   1.798                     -0.16948192
                     1.8                     -0.17014163
                   1.802                     -0.17091541
                   1.804                     -0.17180678
                   1.806                     -0.17281705
                   1.808                     -0.17394797
               1.8099999                     -0.17519968
                   1.812                     -0.17657226
                   1.814                     -0.17806762
                   1.816                     -0.17968342
                   1.818                     -0.18142015
               1.8200001                     -0.18327475
                   1.822                      -0.1852464
                   1.824                     -0.18733298
                   1.826                     -0.18953073
               1.8279999                     -0.19183786
                    1.83                     -0.19424891
                   1.832                     -0.19676207
                   1.834                      -0.1993718
                   1.836                     -0.20207327
               1.8380001                     -0.20486163
                    1.84                     -0.20773168
                   1.842                     -0.21067743
                   1.844                     -0.21369317
                   1.846                     -0.21677229
                   1.848                     -0.21990798
                    1.85                     -0.22309552
                   1.852                     -0.22632597
                   1.854                     -0.22959358
               1.8559999                     -0.23289074
                   1.858                     -0.23621144
                    1.86                     -0.23954741
                   1.862                     -0.24289161
                   1.864                     -0.24623741
               1.8660001                     -0.24957768
                   1.868                     -0.25290456
                    1.87                     -0.25621308
                   1.872                     -0.25949479
                   1.874                      -0.2627439
                   1.876                     -0.26595499
                   1.878                     -0.26912127
                    1.88                     -0.27223684
                   1.882                      -0.2752973
               1.8839999                     -0.27829683
                   1.886                     -0.28123074
                   1.888                     -0.28409601
                    1.89                      -0.2868863
                   1.892                     -0.28960141
               1.8940001                     -0.29223673
                   1.896                     -0.29478919
                   1.898                     -0.29725808
                     1.9                       -0.299643
                   1.902                     -0.30194069
                   1.904                     -0.30415199
                   1.906                     -0.30627759
                   1.908                     -0.30831716
                    1.91                     -0.31027328
               1.9119999                     -0.31214724
                   1.914                     -0.31394102
                   1.916                     -0.31565861
                   1.918                     -0.31730321
                    1.92                     -0.31887871
               1.9220001                     -0.32038875
                   1.924                     -0.32183984
                   1.926                     -0.32323708
                   1.928                     -0.32458572
               1.9299999                     -0.32589359
                   1.932                     -0.32716699
                   1.934                     -0.32841279
                   1.936                      -0.3296391
                   1.938                     -0.33085329
               1.9400001                     -0.33206443
                   1.942                     -0.33328065
                   1.944                     -0.33451035
                   1.946                     -0.33576421
                   1.948                     -0.33704989
                    1.95                     -0.33837653
                   1.952                     -0.33975444
                   1.954                     -0.34119218
                   1.956                     -0.34270113
               1.9579999                     -0.34428878
                    1.96                     -0.34596702
                   1.962                      -0.3477436
                   1.964                     -0.34962783
                   1.966                     -0.35163065
               1.9680001                     -0.35375848
                    1.97                       -0.356022
                   1.972                     -0.35842978
                   1.974                     -0.36098966
                   1.976                     -0.36371016
                   1.978                     -0.36659808
                    1.98                     -0.36966189
                   1.982                     -0.37290791
                   1.984                     -0.37634308
               1.9859999                     -0.37997274
                   1.988                     -0.38380339
                    1.99                     -0.38783999
                   1.992                     -0.39208704
                   1.994                     -0.39654914
               1.9960001                     -0.40123102
                   1.998                     -0.40613263
                       2                     -0.41125938
               2.0020001                     -0.41661205
               2.0039999                     -0.42219357
                   2.006                     -0.42800273
               2.0079999                     -0.43404222
                    2.01                     -0.44031037
               2.0120001                     -0.44680628
               2.0139999                     -0.45352964
                   2.016                     -0.46047751
               2.0179999                      -0.4676485
                    2.02                     -0.47503971
               2.0220001                     -0.48264722
               2.0239999                      -0.4904682
                   2.026                     -0.49849664
               2.0280001                     -0.50672886
                    2.03                     -0.51515895
               2.0320001                     -0.52378252
               2.0339999                     -0.53259271
                   2.036                     -0.54158346
               2.0380001                     -0.55074805
                    2.04                     -0.56007976
               2.0420001                     -0.56957205
               2.0439999                     -0.57921551
                   2.046                     -0.58900541
               2.0480001                     -0.59893358
                    2.05                     -0.60899112
                   2.052                     -0.61917186
               2.0539999                      -0.6294672
                   2.056                      -0.6398714
               2.0580001                     -0.65037413
               2.0599999                     -0.66097026
                   2.062                     -0.67165242
               2.0639999                     -0.68241357
                   2.066                     -0.69324715
               2.0680001                     -0.70414761
               2.0699999                     -0.71510942
                   2.072                     -0.72612576
               2.0739999                     -0.73719375
                   2.076                     -0.74830919
               2.0780001                     -0.75946738
               2.0799999                      -0.7706653
                   2.082                     -0.78190115
               2.0840001                     -0.79317321
                   2.086                     -0.80448099
               2.0880001                     -0.81582399
               2.0899999                     -0.82720341
                   2.092                     -0.83861893
               2.0940001                     -0.85007547
                   2.096                     -0.86157544
                   2.098                     -0.87312176
               2.0999999                     -0.88472058
                   2.102                     -0.89637873
               2.1040001                     -0.90810143
               2.1059999                     -0.91989757
                   2.108                     -0.93177522
               2.1099999                     -0.94374485
                   2.112                     -0.95581697
               2.1140001                     -0.96800254
               2.1159999                     -0.98031274
                   2.118                     -0.99276428
               2.1199999                      -1.0053685
                   2.122                      -1.0181412
               2.1240001                      -1.0310985
               2.1259999                      -1.0442559
                   2.128                      -1.0576316
               2.1300001                      -1.0712422
                   2.132                      -1.0851086
               2.1340001                      -1.0992481
               2.1359999                      -1.1136813
                   2.138                      -1.1284276
               2.1400001                      -1.1435079
                   2.142                      -1.1589441
               2.1440001                       -1.174756
               2.1459999                      -1.1909668
                   2.148                       -1.207599
               2.1500001                       -1.224673
                   2.152                      -1.2422114
                   2.154                      -1.2602372
               2.1559999                      -1.2787712
                   2.158                      -1.2978374
               2.1600001                      -1.3174563
               2.1619999                      -1.3376496
                   2.164                      -1.3584404
               2.1659999                      -1.3798483
                   2.168                      -1.4018944
               2.1700001                      -1.4245984
               2.1719999                      -1.4479805
                   2.174                      -1.4720584
               2.1760001                      -1.4968512
                   2.178                      -1.5223773
               2.1800001                      -1.5486516
               2.1819999                      -1.5756896
                   2.184                      -1.6035072
               2.1860001                      -1.6321161
                   2.188                      -1.6615305
               2.1900001                      -1.6917584
               2.1919999                       -1.722812
                   2.194                      -1.7546991
               2.1960001                      -1.7874242
                   2.198                      -1.8209952
                     2.2                       -1.855414
               2.2019999                      -1.8906814
                   2.204                      -1.9267986
               2.2060001                       -1.963762
               2.2079999                      -2.0015688
                    2.21                      -2.0402106
               2.2119999                      -2.0796794
                   2.214                      -2.1199648
               2.2160001                      -2.1610507
               2.2179999                      -2.2029246
                    2.22                      -2.2455651
               2.2219999                       -2.288951
                   2.224                      -2.3330592
               2.2260001                      -2.3778605
               2.2279999                      -2.4233254
                    2.23                      -2.4694203
               2.2320001                      -2.5161076
                   2.234                       -2.563348
               2.2360001                      -2.6110987
               2.2379999                       -2.659311
                    2.24                      -2.7079365
               2.2420001                      -2.7569191
                   2.244                      -2.8062037
               2.2460001                      -2.8557273
               2.2479999                      -2.9054238
                    2.25                      -2.9552269
               2.2520001                      -3.0050629
               2.2539999                      -3.0548576
                   2.256                      -3.1045291
               2.2579999                      -3.1539977
                    2.26                       -3.203175
               2.2620001                      -3.2519729
               2.2639999                      -3.3002994
                   2.266                      -3.3480601
               2.2679999                      -3.3951571
                    2.27                      -3.4414907
               2.2720001                      -3.4869605
               2.2739999                      -3.5314643
                   2.276                      -3.5748976
               2.2780001                      -3.6171547
                    2.28                      -3.6581341
               2.2820001                      -3.6977315
               2.2839999                      -3.7358407
                   2.286                      -3.7723622
               2.2880001                      -3.8071986
                    2.29                      -3.8402502
               2.2920001                      -3.8714248
               2.2939999                      -3.9006335
                   2.296                      -3.9277911
               2.2980001                      -3.9528189
                     2.3                      -3.9756431
                   2.302                      -3.9961975
               2.3039999                      -4.0144192
                   2.306                      -4.0302581
               2.3080001                      -4.0436691
               2.3099999                      -4.0546148
                   2.312                      -4.0630683
               2.3139999                      -4.0690091
                   2.316                      -4.0724286
               2.3180001                      -4.0733253
               2.3199999                      -4.0717074
                   2.322                      -4.0675917
               2.3239999                      -4.0610039
                   2.326                      -4.0519794
               2.3280001                      -4.0405617
               2.3299999                       -4.026801
                   2.332                      -4.0107554
               2.3340001                      -3.9924925
                   2.336                      -3.9720832
               2.3380001                      -3.9496081
               2.3399999                      -3.9251483
                   2.342                      -3.8987923
               2.3440001                      -3.8706347
                   2.346                      -3.8407718
                   2.348                      -3.8093012
               2.3499999                      -3.7763241
                   2.352                      -3.7419461
               2.3540001                      -3.7062691
               2.3559999                      -3.6693983
                   2.358                      -3.6314388
               2.3599999                      -3.5924941
                   2.362                      -3.5526692
               2.3640001                      -3.5120623
               2.3659999                      -3.4707753
                   2.368                      -3.4289072
               2.3699999                      -3.3865508
                   2.372                      -3.3438011
               2.3740001                       -3.300744
               2.3759999                      -3.2574701
                   2.378                      -3.2140596
               2.3800001                      -3.1705913
                   2.382                      -3.1271437
               2.3840001                      -3.0837863
               2.3859999                       -3.040589
                   2.388                       -2.997616
               2.3900001                      -2.9549272
                   2.392                      -2.9125796
               2.3940001                      -2.8706269
               2.3959999                      -2.8291182
                   2.398                      -2.7880992
               2.4000001                      -2.7476102
                   2.402                      -2.7076918
                   2.404                      -2.6683762
               2.4059999                      -2.6296964
                   2.408                      -2.5916801
               2.4100001                      -2.5543507
               2.4119999                      -2.5177311
                   2.414                      -2.4818386
               2.4159999                      -2.4466874
                   2.418                      -2.4122925
               2.4200001                      -2.3786625
               2.4219999                      -2.3458022
                   2.424                      -2.3137196
               2.4260001                      -2.2824134
                   2.428                      -2.2518851
               2.4300001                      -2.2221305
               2.4319999                      -2.1931448
                   2.434                      -2.1649219
               2.4360001                      -2.1374513
                   2.438                      -2.1107227
               2.4400001                       -2.084724
               2.4419999                      -2.0594409
                   2.444                      -2.0348562
               2.4460001                      -2.0109528
                   2.448                      -1.9877131
                    2.45                      -1.9651158
               2.4519999                      -1.9431409
                   2.454                      -1.9217659
               2.4560001                      -1.9009673
               2.4579999                      -1.8807208
                    2.46                      -1.8610026
               2.4619999                      -1.8417862
                   2.464                      -1.8230467
               2.4660001                       -1.804757
               2.4679999                      -1.7868923
                    2.47                      -1.7694233
               2.4719999                      -1.7523243
                   2.474                      -1.7355685
               2.4760001                      -1.7191285
               2.4779999                       -1.702978
                    2.48                      -1.6870903
               2.4820001                      -1.6714394
                   2.484                      -1.6560005
               2.4860001                      -1.6407476
               2.4879999                      -1.6256571
                    2.49                      -1.6107061
               2.4920001                      -1.5958713
                   2.494                      -1.5811318
               2.4960001                      -1.5664658
               2.4979999                      -1.5518541
                     2.5                       -1.537279
               2.5020001                      -1.5227232
               2.5039999                      -1.5081713
                   2.506                      -1.4936063
               2.5079999                      -1.4790183
                    2.51                      -1.4643936
               2.5120001                      -1.4497223
               2.5139999                      -1.4349958
                   2.516                      -1.4202076
               2.5179999                        -1.40535
                    2.52                      -1.3904201
               2.5220001                      -1.3754147
               2.5239999                      -1.3603326
                   2.526                      -1.3451735
               2.5280001                      -1.3299405
                    2.53                      -1.3146346
               2.5320001                      -1.2992624
               2.5339999                      -1.2838283
                   2.536                      -1.2683393
               2.5380001                      -1.2528041
                    2.54                      -1.2372317
               2.5420001                      -1.2216345
               2.5439999                      -1.2060218
                   2.546                      -1.1904074
               2.5480001                      -1.1748041
                    2.55                      -1.1592279
                   2.552                      -1.1436924
               2.5539999                      -1.1282129
                   2.556                      -1.1128065
               2.5580001                      -1.0974906
               2.5599999                      -1.0822797
                   2.562                      -1.0671939
               2.5639999                      -1.0522498
                   2.566                      -1.0374642
               2.5680001                      -1.0228565
               2.5699999                      -1.0084428
                   2.572                     -0.99424049
               2.5739999                     -0.98026926
                   2.576                      -0.9665437
               2.5780001                      -0.9530804
               2.5799999                     -0.93989648
                   2.582                     -0.92700768
               2.5840001                     -0.91442849
                   2.586                     -0.90217298
               2.5880001                      -0.8902543
               2.5899999                     -0.87868661
                   2.592                     -0.86748107
               2.5940001                     -0.85664913
                   2.596                     -0.84620033
                   2.598                     -0.83614413
               2.5999999                     -0.82648815
                   2.602                     -0.81724017
               2.6040001                     -0.80840481
               2.6059999                     -0.79998824
                   2.608                     -0.79199322
               2.6099999                     -0.78442298
                   2.612                     -0.77727712
               2.6140001                     -0.77055658
               2.6159999                     -0.76426032
                   2.618                     -0.75838654
               2.6199999                      -0.7529295
                   2.622                     -0.74788587
               2.6240001                     -0.74324888
               2.6259999                     -0.73901083
                   2.628                     -0.73516337
               2.6300001                     -0.73169823
                   2.632                     -0.72860232
               2.6340001                     -0.72586463
               2.6359999                     -0.72347149
                   2.638                     -0.72140952
               2.6400001                     -0.71966306
                   2.642                     -0.71821615
               2.6440001                     -0.71705174
               2.6459999                     -0.71615102
                   2.648                     -0.71549643
               2.6500001                     -0.71506768
                   2.652                     -0.71484444
                   2.654                     -0.71480677
               2.6559999                     -0.71493246
                   2.658                     -0.71519969
               2.6600001                     -0.71558644
               2.6619999                     -0.71607014
                   2.664                      -0.7166286
               2.6659999                     -0.71723812
                   2.668                     -0.71787588
               2.6700001                     -0.71851998
               2.6719999                     -0.71914681
                   2.674                     -0.71973462
               2.6760001                     -0.72026033
                   2.678                     -0.72070312
               2.6800001                     -0.72104249
               2.6819999                     -0.72125585
                   2.684                     -0.72132538
               2.6860001                     -0.72123129
                   2.688                     -0.72095582
               2.6900001                     -0.72048198
               2.6919999                     -0.71979447
                   2.694                     -0.71887759
               2.6960001                     -0.71771722
                   2.698                     -0.71630296
                     2.7                     -0.71462286
               2.7019999                      -0.7126677
                   2.704                     -0.71042896
               2.7060001                       -0.707901
               2.7079999                     -0.70507813
                    2.71                     -0.70195789
               2.7119999                     -0.69853806
                   2.714                     -0.69481815
               2.7160001                     -0.69079915
               2.7179999                     -0.68648608
                    2.72                      -0.6818827
               2.7219999                     -0.67699445
                   2.724                     -0.67183067
               2.7260001                       -0.666398
               2.7279999                     -0.66071063
                    2.73                     -0.65477878
               2.7320001                     -0.64861562
                   2.734                     -0.64223728
               2.7360001                     -0.63565958
               2.7379999                     -0.62889766
                    2.74                     -0.62197309
               2.7420001                     -0.61490245
                   2.744                     -0.60770674
               2.7460001                     -0.60040631
               2.7479999                     -0.59302287
                    2.75                     -0.58558065
               2.7520001                     -0.57809778
               2.7539999                     -0.57060186
                   2.756                     -0.56311256
               2.7579999                     -0.55565495
                    2.76                     -0.54825223
               2.7620001                     -0.54092899
               2.7639999                     -0.53370619
                   2.766                     -0.52660838
               2.7679999                     -0.51965861
                    2.77                     -0.51287776
               2.7720001                     -0.50628878
               2.7739999                     -0.49991233
                   2.776                     -0.49376881
               2.7780001                     -0.48787718
                    2.78                     -0.48225789
               2.7820001                     -0.47692758
               2.7839999                     -0.47190307
                   2.786                     -0.46719939
               2.7880001                     -0.46283275
                    2.79                     -0.45881405
               2.7920001                     -0.45515681
               2.7939999                     -0.45187209
                   2.796                     -0.44896847
               2.7980001                      -0.4464535
                     2.8                     -0.44433356
                   2.802                     -0.44261403
               2.8039999                     -0.44129758
                   2.806                     -0.44038759
               2.8080001                      -0.4398822
               2.8099999                     -0.43978124
                   2.812                       -0.440081
               2.8139999                     -0.44077762
                   2.816                     -0.44186497
               2.8180001                     -0.44333426
               2.8199999                     -0.44517616
                   2.822                     -0.44738078
               2.8239999                     -0.44993626
                   2.826                     -0.45282628
               2.8280001                      -0.4560367
               2.8299999                     -0.45955047
                   2.832                     -0.46334902
               2.8340001                     -0.46741284
                   2.836                     -0.47172113
               2.8380001                     -0.47625251
               2.8399999                     -0.48098266
                   2.842                     -0.48588708
               2.8440001                     -0.49094027
                   2.846                     -0.49611739
                   2.848                     -0.50139133
               2.8499999                     -0.50673265
                   2.852                     -0.51211456
               2.8540001                     -0.51750817
               2.8559999                     -0.52288443
                   2.858                     -0.52821478
               2.8599999                     -0.53346914
                   2.862                     -0.53861863
               2.8640001                     -0.54363291
               2.8659999                     -0.54848535
                   2.868                     -0.55314753
               2.8699999                      -0.5575902
                   2.872                     -0.56178733
               2.8740001                     -0.56571438
               2.8759999                     -0.56934485
                   2.878                     -0.57265563
               2.8800001                     -0.57562443
                   2.882                     -0.57822984
               2.8840001                     -0.58045437
               2.8859999                     -0.58227713
                   2.888                      -0.5836857
               2.8900001                     -0.58466383
                   2.892                     -0.58520094
               2.8940001                     -0.58528729
               2.8959999                     -0.58491438
                   2.898                     -0.58407801
               2.9000001                     -0.58277404
                   2.902                     -0.58100219
                   2.904                     -0.57876289
               2.9059999                     -0.57606248
                   2.908                     -0.57290483
               2.9100001                     -0.56929998
               2.9119999                     -0.56525802
                   2.914                      -0.5607923
               2.9159999                     -0.55591944
                   2.918                     -0.55065497
               2.9200001                     -0.54501919
               2.9219999                     -0.53903518
                   2.924                     -0.53272401
               2.9260001                     -0.52611295
                   2.928                     -0.51922778
               2.9300001                     -0.51209736
               2.9319999                     -0.50475093
                   2.934                      -0.4972196
               2.9360001                     -0.48953679
                   2.938                      -0.4817339
               2.9400001                     -0.47384603
               2.9419999                      -0.4659066
                   2.944                     -0.45795252
               2.9460001                     -0.45001694
                   2.948                     -0.44213704
                    2.95                     -0.43434822
               2.9519999                     -0.42668598
                   2.954                      -0.4191854
               2.9560001                      -0.4118799
               2.9579999                      -0.4048055
                    2.96                     -0.39799601
               2.9619999                     -0.39148255
                   2.964                      -0.3852981
               2.9660001                     -0.37947259
               2.9679999                     -0.37403516
                    2.97                     -0.36901412
               2.9719999                     -0.36443621
                   2.974                     -0.36032523
               2.9760001                      -0.3567061
               2.9779999                     -0.35359939
                    2.98                     -0.35102394
               2.9820001                     -0.34899888
                   2.984                     -0.34753825
               2.9860001                     -0.34665732
               2.9879999                     -0.34636582
                    2.99                     -0.34667367
               2.9920001                     -0.34758644
                   2.994                     -0.34911012
               2.9960001                     -0.35124671
               2.9979999                     -0.35399323
                       3                      -0.3573501

