        Frequency / GHz                S1,1/abs,dB
----------------------------------------------------------------------
                       1                    -0.022713836
                   1.002                    -0.024603325
               1.0039999                    -0.026934322
                   1.006                    -0.029678199
                   1.008                    -0.032798464
                    1.01                     -0.03625735
                   1.012                    -0.040011587
               1.0140001                    -0.044018729
                   1.016                     -0.04823095
                   1.018                    -0.052601249
                    1.02                    -0.057079472
                   1.022                    -0.061616062
                   1.024                    -0.066161155
                   1.026                    -0.070665421
                   1.028                    -0.075080409
                    1.03                    -0.079360378
               1.0319999                    -0.083460771
                   1.034                    -0.087338898
                   1.036                    -0.090955648
                   1.038                    -0.094277349
                    1.04                     -0.09726996
               1.0420001                     -0.09990744
                   1.044                     -0.10216703
                   1.046                     -0.10402878
                   1.048                     -0.10548021
                    1.05                     -0.10651137
                   1.052                     -0.10711855
                   1.054                     -0.10730294
                   1.056                     -0.10706992
                   1.058                      -0.1064295
               1.0599999                     -0.10539674
                   1.062                     -0.10399119
                   1.064                      -0.1022352
                   1.066                      -0.1001554
                   1.068                    -0.097781135
               1.0700001                    -0.095145515
                   1.072                    -0.092284059
                   1.074                    -0.089231879
                   1.076                    -0.086030071
               1.0779999                    -0.082716295
                    1.08                    -0.079331119
                   1.082                    -0.075915507
                   1.084                    -0.072509093
                   1.086                     -0.06915051
               1.0880001                     -0.06587884
                    1.09                    -0.062729974
                   1.092                    -0.059738293
                   1.094                    -0.056935876
                   1.096                    -0.054353521
                   1.098                    -0.052016348
                     1.1                    -0.049949104
                   1.102                    -0.048172716
                   1.104                    -0.046703114
               1.1059999                    -0.045553905
                   1.108                    -0.044734891
                    1.11                    -0.044252417
                   1.112                    -0.044108113
                   1.114                     -0.04430114
               1.1160001                    -0.044826118
                   1.118                    -0.045675155
                    1.12                    -0.046835175
                   1.122                    -0.048291788
                   1.124                    -0.050026344
                   1.126                    -0.052019036
                   1.128                     -0.05424455
                    1.13                    -0.056679225
                   1.132                    -0.059293282
               1.1339999                     -0.06205883
                   1.136                    -0.064945001
                   1.138                    -0.067919508
                    1.14                    -0.070950215
                   1.142                    -0.074004889
               1.1440001                    -0.077051288
                   1.146                    -0.080057979
                   1.148                    -0.082992086
                    1.15                    -0.085825082
                   1.152                    -0.088527838
                   1.154                    -0.091074884
                   1.156                    -0.093439117
                   1.158                    -0.095600422
                    1.16                     -0.09753775
               1.1619999                    -0.099234205
                   1.164                     -0.10067613
                   1.166                     -0.10185199
                   1.168                     -0.10275337
                    1.17                     -0.10337565
               1.1720001                     -0.10371822
                   1.174                     -0.10378076
                   1.176                     -0.10356993
                   1.178                     -0.10309223
               1.1799999                     -0.10235772
                   1.182                     -0.10138151
                   1.184                     -0.10017886
                   1.186                    -0.098767529
                   1.188                    -0.097168598
               1.1900001                    -0.095403733
                   1.192                    -0.093496996
                   1.194                     -0.09147471
                   1.196                     -0.08936001
                   1.198                    -0.087182753
                     1.2                    -0.084968009
                   1.202                    -0.082743776
                   1.204                    -0.080537244
                   1.206                     -0.07837379
               1.2079999                    -0.076280476
                    1.21                    -0.074280278
                   1.212                    -0.072395978
                   1.214                    -0.070651864
                   1.216                    -0.069065354
               1.2180001                    -0.067654656
                    1.22                    -0.066436037
                   1.222                    -0.065422362
                   1.224                    -0.064624719
                   1.226                    -0.064051908
                   1.228                    -0.063709547
                    1.23                    -0.063601503
                   1.232                    -0.063728376
                   1.234                    -0.064088463
               1.2359999                    -0.064677454
                   1.238                     -0.06548842
                    1.24                    -0.066512848
                   1.242                    -0.067738731
                   1.244                    -0.069154054
               1.2460001                    -0.070742942
                   1.248                    -0.072487647
                    1.25                    -0.074370946
                   1.252                    -0.076372228
               1.2539999                    -0.078470263
                   1.256                      -0.0806444
                   1.258                    -0.082870896
                    1.26                      -0.0851276
                   1.262                    -0.087391482
               1.2640001                     -0.08964024
                   1.266                    -0.091851347
                   1.268                    -0.094002212
                    1.27                    -0.096072072
                   1.272                    -0.098042505
                   1.274                    -0.099893858
                   1.276                     -0.10160923
                   1.278                     -0.10317407
                    1.28                     -0.10457276
               1.2819999                      -0.1057967
                   1.284                     -0.10683445
                   1.286                     -0.10768008
                   1.288                     -0.10832695
                    1.29                     -0.10877389
               1.2920001                     -0.10901984
                   1.294                     -0.10906573
                   1.296                     -0.10891725
                   1.298                     -0.10858028
                     1.3                     -0.10806174
                   1.302                     -0.10737337
                   1.304                     -0.10652658
                   1.306                     -0.10553383
                   1.308                     -0.10441258
               1.3099999                     -0.10317836
                   1.312                     -0.10184834
                   1.314                     -0.10044134
                   1.316                    -0.098976718
                   1.318                     -0.09747429
               1.3200001                    -0.095952401
                   1.322                    -0.094433049
                   1.324                    -0.092934366
                   1.326                    -0.091476082
               1.3279999                    -0.090077442
                    1.33                     -0.08875545
                   1.332                    -0.087527282
                   1.334                    -0.086407878
                   1.336                    -0.085412787
               1.3380001                    -0.084554006
                    1.34                    -0.083843031
                   1.342                    -0.083288767
                   1.344                    -0.082898869
                   1.346                    -0.082680101
                   1.348                    -0.082635769
                    1.35                    -0.082768237
                   1.352                    -0.083077583
                   1.354                    -0.083560584
               1.3559999                    -0.084215845
                   1.358                    -0.085036773
                    1.36                    -0.086014878
                   1.362                    -0.087143356
                   1.364                    -0.088409898
               1.3660001                     -0.08980364
                   1.368                    -0.091310687
                    1.37                    -0.092917094
                   1.372                    -0.094607803
                   1.374                    -0.096365014
                   1.376                    -0.098173649
                   1.378                     -0.10001664
                    1.38                     -0.10187561
                   1.382                     -0.10373348
               1.3839999                     -0.10557152
                   1.386                     -0.10737533
                   1.388                     -0.10912684
                    1.39                     -0.11081032
                   1.392                     -0.11241105
               1.3940001                      -0.1139154
                   1.396                     -0.11530939
                   1.398                     -0.11658371
                     1.4                     -0.11772619
                   1.402                     -0.11873007
                   1.404                     -0.11958735
                   1.406                     -0.12029453
                   1.408                     -0.12084616
                    1.41                     -0.12124251
               1.4119999                     -0.12148293
                   1.414                     -0.12156894
                   1.416                     -0.12150497
                   1.418                     -0.12129643
                    1.42                      -0.1209489
               1.4220001                     -0.12047209
                   1.424                     -0.11987583
                   1.426                     -0.11917127
                   1.428                     -0.11836997
               1.4299999                     -0.11748488
                   1.432                     -0.11653174
                   1.434                     -0.11552347
                   1.436                     -0.11447704
                   1.438                      -0.1134069
               1.4400001                     -0.11232954
                   1.442                     -0.11126089
                   1.444                     -0.11021617
                   1.446                     -0.10921092
                   1.448                     -0.10825925
                    1.45                     -0.10737629
                   1.452                     -0.10657401
                   1.454                     -0.10586553
                   1.456                     -0.10526222
               1.4579999                     -0.10477407
                    1.46                     -0.10440855
                   1.462                     -0.10417411
                   1.464                     -0.10407674
                   1.466                     -0.10412028
               1.4680001                     -0.10430721
                    1.47                     -0.10464039
                   1.472                     -0.10511722
                   1.474                     -0.10573662
                   1.476                     -0.10649503
                   1.478                     -0.10738848
                    1.48                     -0.10840916
                   1.482                     -0.10955095
                   1.484                     -0.11080362
               1.4859999                     -0.11215729
                   1.488                     -0.11360076
                    1.49                     -0.11512178
                   1.492                     -0.11670771
                   1.494                     -0.11834464
               1.4960001                     -0.12001914
                   1.498                     -0.12171746
                     1.5                     -0.12342276
                   1.502                     -0.12512344
               1.5039999                     -0.12680272
                   1.506                     -0.12844755
                   1.508                     -0.13004432
                    1.51                     -0.13157987
                   1.512                     -0.13304208
               1.5140001                     -0.13441878
                   1.516                      -0.1357014
                   1.518                     -0.13687862
                    1.52                     -0.13794326
                   1.522                     -0.13888851
                   1.524                     -0.13970957
                   1.526                     -0.14040202
                   1.528                      -0.1409634
                    1.53                     -0.14139324
               1.5319999                     -0.14169143
                   1.534                     -0.14186142
                   1.536                      -0.1419044
                   1.538                     -0.14182778
                    1.54                      -0.1416367
               1.5420001                     -0.14133777
                   1.544                     -0.14094119
                   1.546                     -0.14045652
                   1.548                     -0.13989484
                    1.55                     -0.13926714
                   1.552                     -0.13858592
                   1.554                     -0.13786377
                   1.556                     -0.13711569
                   1.558                     -0.13635367
               1.5599999                     -0.13559183
                   1.562                     -0.13484477
                   1.564                     -0.13412514
                   1.566                     -0.13344673
                   1.568                     -0.13282174
               1.5700001                     -0.13226308
                   1.572                     -0.13178175
                   1.574                     -0.13138839
                   1.576                     -0.13109308
               1.5779999                     -0.13090304
                    1.58                     -0.13082692
                   1.582                     -0.13087099
                   1.584                     -0.13103905
                   1.586                     -0.13133576
               1.5880001                     -0.13176189
                    1.59                     -0.13231954
                   1.592                      -0.1330071
                   1.594                     -0.13382366
                   1.596                      -0.1347644
                   1.598                     -0.13582494
                     1.6                     -0.13700037
                   1.602                       -0.138282
                   1.604                     -0.13966193
               1.6059999                     -0.14113125
                   1.608                     -0.14267951
                    1.61                     -0.14429449
                   1.612                     -0.14596653
                   1.614                     -0.14768123
               1.6160001                     -0.14942659
                   1.618                     -0.15118974
                    1.62                     -0.15295638
                   1.622                     -0.15471458
                   1.624                     -0.15645104
                   1.626                     -0.15815185
                   1.628                     -0.15980588
                    1.63                     -0.16140045
                   1.632                     -0.16292453
               1.6339999                     -0.16436933
                   1.636                     -0.16572374
                   1.638                     -0.16698012
                    1.64                     -0.16813187
                   1.642                     -0.16917274
               1.6440001                     -0.17009722
                   1.646                     -0.17090318
                   1.648                     -0.17158888
                    1.65                     -0.17215325
                   1.652                     -0.17259676
                   1.654                     -0.17292317
                   1.656                     -0.17313505
                   1.658                     -0.17323664
                    1.66                     -0.17323572
               1.6619999                     -0.17313882
                   1.664                     -0.17295501
                   1.666                     -0.17269448
                   1.668                     -0.17236583
                    1.67                     -0.17198176
               1.6720001                     -0.17155382
                   1.674                     -0.17109471
                   1.676                     -0.17061701
                   1.678                     -0.17013515
               1.6799999                     -0.16965972
                   1.682                     -0.16920669
                   1.684                     -0.16878721
                   1.686                     -0.16841462
                   1.688                     -0.16810231
               1.6900001                     -0.16785988
                   1.692                     -0.16770014
                   1.694                     -0.16763165
                   1.696                     -0.16766491
                   1.698                     -0.16780764
                     1.7                      -0.1680673
                   1.702                     -0.16844795
                   1.704                     -0.16895638
                   1.706                     -0.16959374
               1.7079999                      -0.1703631
                    1.71                     -0.17126455
                   1.712                     -0.17229752
                   1.714                     -0.17345981
                   1.716                     -0.17474771
               1.7180001                      -0.1761561
                    1.72                      -0.1776784
                   1.722                     -0.17930875
                   1.724                     -0.18103768
                   1.726                     -0.18285561
                   1.728                     -0.18475111
                    1.73                     -0.18671587
                   1.732                     -0.18873554
                   1.734                     -0.19079773
               1.7359999                      -0.1928912
                   1.738                     -0.19500113
                    1.74                     -0.19711518
                   1.742                     -0.19921857
                   1.744                     -0.20130028
               1.7460001                     -0.20334581
                   1.748                     -0.20534337
                    1.75                     -0.20728135
                   1.752                     -0.20914796
               1.7539999                      -0.2109335
                   1.756                     -0.21262891
                   1.758                     -0.21422503
                    1.76                     -0.21571621
                   1.762                     -0.21709585
               1.7640001                     -0.21835937
                   1.766                     -0.21950442
                   1.768                     -0.22052838
                    1.77                     -0.22143163
                   1.772                     -0.22221623
                   1.774                     -0.22288347
                   1.776                     -0.22343792
                   1.778                     -0.22388584
                    1.78                     -0.22423362
               1.7819999                     -0.22448857
                   1.784                     -0.22466253
                   1.786                     -0.22476228
                   1.788                     -0.22480257
                    1.79                     -0.22479394
               1.7920001                     -0.22474888
                   1.794                     -0.22468231
                   1.796                     -0.22460609
                   1.798                     -0.22453566
                     1.8                     -0.22448578
                   1.802                     -0.22446998
                   1.804                     -0.22450263
                   1.806                     -0.22459655
                   1.808                     -0.22476659
               1.8099999                     -0.22502439
                   1.812                      -0.2253811
                   1.814                      -0.2258496
                   1.816                     -0.22643838
                   1.818                     -0.22715673
               1.8200001                      -0.2280128
                   1.822                     -0.22901191
                   1.824                      -0.2301599
                   1.826                     -0.23145933
               1.8279999                     -0.23291332
                    1.83                     -0.23452159
                   1.832                     -0.23628318
                   1.834                     -0.23819637
                   1.836                       -0.240256
               1.8380001                     -0.24245838
                    1.84                     -0.24479529
                   1.842                     -0.24725874
                   1.844                     -0.24983977
                   1.846                     -0.25252768
                   1.848                     -0.25531107
                    1.85                      -0.2581772
                   1.852                     -0.26111333
                   1.854                     -0.26410425
               1.8559999                      -0.2671376
                   1.858                     -0.27019651
                    1.86                     -0.27326805
                   1.862                     -0.27633589
                   1.864                     -0.27938614
               1.8660001                     -0.28240363
                   1.868                     -0.28537532
                    1.87                     -0.28828699
                   1.872                     -0.29112697
                   1.874                     -0.29388368
                   1.876                     -0.29654665
                   1.878                     -0.29910736
                    1.88                     -0.30155777
                   1.882                     -0.30389028
               1.8839999                     -0.30610274
                   1.886                     -0.30819052
                   1.888                      -0.3101519
                    1.89                     -0.31198814
                   1.892                      -0.3137009
               1.8940001                     -0.31529381
                   1.896                     -0.31677255
                   1.898                     -0.31814397
                     1.9                     -0.31941753
                   1.902                     -0.32060305
                   1.904                     -0.32171145
                   1.906                      -0.3227566
                   1.908                     -0.32375283
                    1.91                     -0.32471429
               1.9119999                     -0.32565818
                   1.914                     -0.32660156
                   1.916                     -0.32756107
                   1.918                     -0.32855424
                    1.92                     -0.32959997
               1.9220001                     -0.33071638
                   1.924                     -0.33192036
                   1.926                     -0.33322981
                   1.928                      -0.3346618
               1.9299999                     -0.33623273
                   1.932                     -0.33795743
                   1.934                     -0.33985047
                   1.936                     -0.34192566
                   1.938                     -0.34419407
               1.9400001                     -0.34666488
                   1.942                     -0.34934887
                   1.944                     -0.35225115
                   1.946                     -0.35537793
                   1.948                     -0.35873344
                    1.95                     -0.36231824
                   1.952                     -0.36613077
                   1.954                     -0.37017159
                   1.956                     -0.37443526
               1.9579999                      -0.3789154
                    1.96                     -0.38360527
                   1.962                     -0.38849529
                   1.964                     -0.39357359
                   1.966                     -0.39882913
               1.9680001                      -0.4042468
                    1.97                     -0.40981215
                   1.972                     -0.41550916
                   1.974                     -0.42132075
                   1.976                     -0.42722888
                   1.978                     -0.43321603
                    1.98                     -0.43926381
                   1.982                     -0.44535352
                   1.984                     -0.45146658
               1.9859999                     -0.45758643
                   1.988                     -0.46369376
                    1.99                     -0.46977495
                   1.992                     -0.47581272
                   1.994                     -0.48179391
               1.9960001                      -0.4877061
                   1.998                     -0.49353877
                       2                     -0.49928224
               2.0020001                     -0.50493095
               2.0039999                     -0.51048053
                   2.006                     -0.51592632
               2.0079999                     -0.52127108
                    2.01                     -0.52651582
               2.0120001                      -0.5316669
               2.0139999                     -0.53673047
                   2.016                     -0.54171731
               2.0179999                     -0.54664007
                    2.02                     -0.55151343
               2.0220001                     -0.55635497
               2.0239999                      -0.5611839
                   2.026                     -0.56602331
               2.0280001                     -0.57089511
                    2.03                     -0.57582519
               2.0320001                     -0.58083987
               2.0339999                      -0.5859688
                   2.036                     -0.59124139
               2.0380001                     -0.59668534
                    2.04                      -0.6023334
               2.0420001                     -0.60821673
               2.0439999                     -0.61436497
                   2.046                     -0.62081147
               2.0480001                     -0.62758464
                    2.05                     -0.63471566
                   2.052                     -0.64223326
               2.0539999                     -0.65016461
                   2.056                     -0.65853669
               2.0580001                     -0.66737271
               2.0599999                     -0.67669718
                   2.062                     -0.68653041
               2.0639999                     -0.69689091
                   2.066                     -0.70779389
               2.0680001                     -0.71925584
               2.0699999                     -0.73128529
                   2.072                     -0.74389299
               2.0739999                     -0.75708402
                   2.076                     -0.77086355
               2.0780001                     -0.78523103
               2.0799999                     -0.80018437
                   2.082                     -0.81572121
               2.0840001                     -0.83183524
                   2.086                      -0.8485175
               2.0880001                     -0.86575816
               2.0899999                     -0.88354438
                   2.092                     -0.90186418
               2.0940001                     -0.92070107
                   2.096                     -0.94004166
                   2.098                     -0.95986756
               2.0999999                     -0.98016401
                   2.102                      -1.0009146
               2.1040001                      -1.0221039
               2.1059999                       -1.043718
                   2.108                      -1.0657437
               2.1099999                      -1.0881703
                   2.112                        -1.11099
               2.1140001                      -1.1341955
               2.1159999                      -1.1577867
                   2.118                      -1.1817642
               2.1199999                      -1.2061337
                   2.122                      -1.2309061
               2.1240001                      -1.2560977
               2.1259999                      -1.2817282
                   2.128                      -1.3078263
               2.1300001                      -1.3344227
                   2.132                      -1.3615597
               2.1340001                      -1.3892816
               2.1359999                      -1.4176416
                   2.138                      -1.4467004
               2.1400001                      -1.4765251
                   2.142                      -1.5071901
               2.1440001                      -1.5387773
               2.1459999                      -1.5713756
                   2.148                       -1.605082
               2.1500001                      -1.6399998
                   2.152                      -1.6762398
                   2.154                      -1.7139195
               2.1559999                      -1.7531642
                   2.158                      -1.7941042
               2.1600001                      -1.8368777
               2.1619999                      -1.8816287
                   2.164                      -1.9285069
               2.1659999                      -1.9776682
                   2.168                      -2.0292739
               2.1700001                      -2.0834923
               2.1719999                      -2.1404951
                   2.174                       -2.200459
               2.1760001                      -2.2635678
                   2.178                      -2.3300087
               2.1800001                      -2.3999746
               2.1819999                      -2.4736619
                   2.184                      -2.5512727
               2.1860001                      -2.6330139
                   2.188                      -2.7190981
               2.1900001                      -2.8097411
               2.1919999                      -2.9051657
                   2.194                      -3.0055974
               2.1960001                      -3.1112689
                   2.198                      -3.2224185
                     2.2                      -3.3392905
               2.2019999                      -3.4621337
                   2.204                      -3.5912048
               2.2060001                      -3.7267653
               2.2079999                      -3.8690857
                    2.21                      -4.0184391
               2.2119999                      -4.1751098
                   2.214                      -4.3393858
               2.2160001                      -4.5115619
               2.2179999                      -4.6919397
                    2.22                      -4.8808226
               2.2219999                      -5.0785212
                   2.224                      -5.2853443
               2.2260001                       -5.501599
               2.2279999                      -5.7275907
                    2.23                      -5.9636089
               2.2320001                      -6.2099298
                   2.234                      -6.4667986
               2.2360001                      -6.7344247
               2.2379999                      -7.0129579
                    2.24                      -7.3024741
               2.2420001                       -7.602941
                   2.244                      -7.9141892
               2.2460001                      -8.2358591
               2.2479999                      -8.5673484
                    2.25                      -8.9077385
               2.2520001                      -9.2557021
               2.2539999                      -9.6093989
                   2.256                      -9.9663496
               2.2579999                      -10.323303
                    2.26                       -10.67609
               2.2620001                      -11.019514
               2.2639999                      -11.347283
                   2.266                      -11.652045
               2.2679999                      -11.925577
                    2.27                      -12.159188
               2.2720001                      -12.344343
               2.2739999                      -12.473479
                   2.276                      -12.540887
               2.2780001                      -12.543487
                    2.28                       -12.48127
               2.2820001                      -12.357307
               2.2839999                      -12.177292
                   2.286                      -11.948786
               2.2880001                      -11.680325
                    2.29                      -11.380605
               2.2920001                      -11.057854
               2.2939999                      -10.719436
                   2.296                      -10.371651
               2.2980001                      -10.019707
                     2.3                      -9.6677798
                   2.302                      -9.3191291
               2.3039999                      -8.9762414
                   2.306                      -8.6409623
               2.3080001                      -8.3146224
               2.3099999                      -7.9981475
                   2.312                      -7.6921415
               2.3139999                      -7.3969653
                   2.316                      -7.1127932
               2.3180001                      -6.8396543
               2.3199999                      -6.5774785
                   2.322                      -6.3261118
               2.3239999                      -6.0853478
                   2.326                      -5.8549387
               2.3280001                      -5.6346066
               2.3299999                      -5.4240593
                   2.332                      -5.2229915
               2.3340001                      -5.0310905
                   2.336                      -4.8480442
               2.3380001                      -4.6735376
               2.3399999                      -4.5072614
                   2.342                      -4.3489103
               2.3440001                      -4.1981813
                   2.346                      -4.0547794
                   2.348                      -3.9184132
               2.3499999                      -3.7887989
                   2.352                      -3.6656593
               2.3540001                      -3.5487206
               2.3559999                      -3.4377173
                   2.358                      -3.3323875
               2.3599999                      -3.2324757
                   2.362                      -3.1377315
               2.3640001                      -3.0479089
               2.3659999                      -2.9627662
                   2.368                      -2.8820705
               2.3699999                      -2.8055876
                   2.372                      -2.7330917
               2.3740001                      -2.6643627
               2.3759999                      -2.5991812
                   2.378                      -2.5373349
               2.3800001                      -2.4786191
                   2.382                      -2.4228292
               2.3840001                      -2.3697692
               2.3859999                      -2.3192474
                   2.388                      -2.2710814
               2.3900001                      -2.2250893
                   2.392                      -2.1811002
               2.3940001                      -2.1389494
               2.3959999                      -2.0984779
                   2.398                      -2.0595348
               2.4000001                       -2.021979
                   2.402                      -1.9856756
                   2.404                      -1.9504992
               2.4059999                       -1.916334
                   2.408                        -1.88307
               2.4100001                      -1.8506107
               2.4119999                      -1.8188656
                   2.414                      -1.7877548
               2.4159999                      -1.7572089
                   2.418                      -1.7271658
               2.4200001                      -1.6975729
               2.4219999                      -1.6683894
                   2.424                      -1.6395792
               2.4260001                      -1.6111168
                   2.428                      -1.5829833
               2.4300001                      -1.5551698
               2.4319999                      -1.5276727
                   2.434                      -1.5004948
               2.4360001                      -1.4736454
                   2.438                      -1.4471394
               2.4400001                      -1.4209954
               2.4419999                      -1.3952366
                   2.444                      -1.3698909
               2.4460001                      -1.3449853
                   2.448                      -1.3205531
                    2.45                       -1.296626
               2.4519999                      -1.2732388
                   2.454                      -1.2504238
               2.4560001                      -1.2282147
               2.4579999                      -1.2066431
                    2.46                      -1.1857418
               2.4619999                      -1.1655361
                   2.464                      -1.1460541
               2.4660001                      -1.1273197
               2.4679999                      -1.1093516
                    2.47                      -1.0921657
               2.4719999                      -1.0757759
                   2.474                      -1.0601912
               2.4760001                       -1.045415
               2.4779999                      -1.0314471
                    2.48                      -1.0182844
               2.4820001                      -1.0059178
                   2.484                     -0.99433293
               2.4860001                     -0.98351404
               2.4879999                     -0.97343809
                    2.49                     -0.96407965
               2.4920001                     -0.95540823
                   2.494                     -0.94739022
               2.4960001                     -0.93998879
               2.4979999                     -0.93316471
                     2.5                     -0.92687305
               2.5020001                     -0.92106937
               2.5039999                     -0.91570667
                   2.506                     -0.91073325
               2.5079999                     -0.90610102
                    2.51                     -0.90175645
               2.5120001                     -0.89764942
               2.5139999                     -0.89372783
                   2.516                     -0.88994001
               2.5179999                     -0.88623623
                    2.52                      -0.8825683
               2.5220001                     -0.87889049
               2.5239999                     -0.87515743
                   2.526                     -0.87132903
               2.5280001                     -0.86736655
                    2.53                     -0.86323533
               2.5320001                     -0.85890661
               2.5339999                     -0.85435328
                   2.536                     -0.84955249
               2.5380001                     -0.84448843
                    2.54                     -0.83914734
               2.5420001                     -0.83352293
               2.5439999                     -0.82761024
                   2.546                     -0.82141264
               2.5480001                     -0.81493578
                    2.55                     -0.80819085
                   2.552                     -0.80119291
               2.5539999                     -0.79396151
                   2.556                      -0.7865212
               2.5580001                     -0.77889636
               2.5599999                     -0.77111899
                   2.562                      -0.7632211
               2.5639999                     -0.75523675
                   2.566                     -0.74720408
               2.5680001                     -0.73916121
               2.5699999                      -0.7311481
                   2.572                     -0.72320257
               2.5739999                     -0.71536707
                   2.576                     -0.70767977
               2.5780001                     -0.70018011
               2.5799999                     -0.69290472
                   2.582                     -0.68589006
               2.5840001                     -0.67917023
                   2.586                     -0.67277655
               2.5880001                     -0.66673737
               2.5899999                     -0.66107741
                   2.592                     -0.65582072
               2.5940001                     -0.65098516
                   2.596                     -0.64658513
                   2.598                     -0.64263302
               2.5999999                     -0.63913491
                   2.602                     -0.63609459
               2.6040001                     -0.63351011
               2.6059999                     -0.63137687
                   2.608                     -0.62968472
               2.6099999                     -0.62842092
                   2.612                     -0.62756829
               2.6140001                     -0.62710628
               2.6159999                     -0.62700942
                   2.618                      -0.6272499
               2.6199999                     -0.62779741
                   2.622                     -0.62861819
               2.6240001                     -0.62967643
               2.6259999                     -0.63093337
                   2.628                     -0.63235018
               2.6300001                     -0.63388586
                   2.632                     -0.63549764
               2.6340001                     -0.63714351
               2.6359999                     -0.63878225
                   2.638                     -0.64037173
               2.6400001                     -0.64187045
                   2.642                     -0.64323987
               2.6440001                     -0.64444156
               2.6459999                     -0.64544037
                   2.648                     -0.64620489
               2.6500001                      -0.6467034
                   2.652                     -0.64691021
                   2.654                     -0.64680326
               2.6559999                      -0.6463627
                   2.658                     -0.64557401
               2.6600001                      -0.6444273
               2.6619999                       -0.642916
                   2.664                     -0.64103857
               2.6659999                     -0.63879715
                   2.668                     -0.63620071
               2.6700001                     -0.63326049
               2.6719999                     -0.62999289
                   2.674                     -0.62641689
               2.6760001                     -0.62255788
                   2.678                      -0.6184413
               2.6800001                     -0.61410005
               2.6819999                     -0.60956673
                   2.684                     -0.60487788
               2.6860001                        -0.60007
                   2.688                     -0.59518468
               2.6900001                     -0.59026176
               2.6919999                     -0.58534454
                   2.694                     -0.58047311
               2.6960001                     -0.57568995
                   2.698                     -0.57103683
                     2.7                     -0.56655317
               2.7019999                     -0.56227759
                   2.704                     -0.55824804
               2.7060001                     -0.55449673
               2.7079999                     -0.55105655
                    2.71                     -0.54795621
               2.7119999                      -0.5452205
                   2.714                     -0.54287172
               2.7160001                     -0.54092824
               2.7179999                     -0.53940315
                    2.72                     -0.53830657
               2.7219999                     -0.53764456
                   2.724                     -0.53741733
               2.7260001                     -0.53762207
               2.7279999                     -0.53825113
                    2.73                     -0.53929177
               2.7320001                     -0.54072946
                   2.734                     -0.54254268
               2.7360001                     -0.54470662
               2.7379999                     -0.54719497
                    2.74                     -0.54997578
               2.7420001                     -0.55301273
                   2.744                     -0.55627034
               2.7460001                     -0.55970886
               2.7479999                      -0.5632844
                    2.75                     -0.56695584
               2.7520001                     -0.57067616
               2.7539999                     -0.57440177
                   2.756                     -0.57808576
               2.7579999                      -0.5816834
                    2.76                     -0.58514963
               2.7620001                     -0.58844064
               2.7639999                     -0.59151592
                   2.766                     -0.59433579
               2.7679999                     -0.59686343
                    2.77                     -0.59906526
               2.7720001                     -0.60091157
               2.7739999                     -0.60237613
                   2.776                     -0.60343754
               2.7780001                     -0.60407993
                    2.78                     -0.60428856
               2.7820001                       -0.604058
               2.7839999                     -0.60338584
                   2.786                     -0.60227433
               2.7880001                     -0.60073141
                    2.79                     -0.59877144
               2.7920001                     -0.59641094
               2.7939999                     -0.59367337
                   2.796                     -0.59058628
               2.7980001                     -0.58718163
                     2.8                     -0.58349377
                   2.802                     -0.57956239
               2.8039999                     -0.57542894
                   2.806                     -0.57113789
               2.8080001                     -0.56673704
               2.8099999                     -0.56227291
                   2.812                     -0.55779479
               2.8139999                     -0.55335404
                   2.816                     -0.54899937
               2.8180001                     -0.54477861
               2.8199999                     -0.54074191
                   2.822                     -0.53693543
               2.8239999                     -0.53340147
                   2.826                     -0.53018298
               2.8280001                     -0.52731925
               2.8299999                     -0.52484515
                   2.832                     -0.52279164
               2.8340001                     -0.52118546
                   2.836                     -0.52004991
               2.8380001                     -0.51940427
               2.8399999                     -0.51926021
                   2.842                     -0.51962572
               2.8440001                     -0.52050402
                   2.846                     -0.52189204
                   2.848                     -0.52378292
               2.8499999                     -0.52616252
                   2.852                     -0.52901353
               2.8540001                     -0.53231045
               2.8559999                     -0.53602642
                   2.858                     -0.54012838
               2.8599999                     -0.54457747
                   2.862                     -0.54933394
               2.8640001                     -0.55435045
               2.8659999                     -0.55958019
                   2.868                     -0.56497023
               2.8699999                     -0.57046794
                   2.872                     -0.57601767
               2.8740001                     -0.58156167
               2.8759999                       -0.587045
                   2.878                     -0.59240931
               2.8800001                     -0.59759781
                   2.882                     -0.60255566
               2.8840001                     -0.60722995
               2.8859999                     -0.61157021
                   2.888                     -0.61552942
               2.8900001                     -0.61906346
                   2.892                     -0.62213385
               2.8940001                      -0.6247066
               2.8959999                     -0.62675278
                   2.898                     -0.62824958
               2.9000001                     -0.62918033
                   2.902                     -0.62953449
                   2.904                     -0.62930763
               2.9059999                     -0.62850422
                   2.908                     -0.62713207
               2.9100001                      -0.6252084
               2.9119999                     -0.62275657
                   2.914                      -0.6198049
               2.9159999                     -0.61638783
                   2.918                     -0.61254757
               2.9200001                     -0.60832912
               2.9219999                     -0.60378365
                   2.924                     -0.59896516
               2.9260001                     -0.59393391
                   2.928                     -0.58874923
               2.9300001                      -0.5834746
               2.9319999                      -0.5781772
                   2.934                     -0.57292026
               2.9360001                     -0.56777146
                   2.938                     -0.56279535
               2.9400001                     -0.55805624
               2.9419999                     -0.55361671
                   2.944                     -0.54953497
               2.9460001                     -0.54586946
                   2.948                     -0.54267017
                    2.95                     -0.53998593
               2.9519999                     -0.53786017
                   2.954                     -0.53632986
               2.9560001                     -0.53542676
               2.9579999                      -0.5351769
                    2.96                     -0.53559899
               2.9619999                     -0.53670494
                   2.964                     -0.53850093
               2.9660001                     -0.54098515
               2.9679999                     -0.54414716
                    2.97                     -0.54797269
               2.9719999                      -0.5524374
                   2.974                     -0.55751056
               2.9760001                     -0.56315588
               2.9779999                     -0.56932972
                    2.98                     -0.57598124
               2.9820001                     -0.58305495
                   2.984                     -0.59048984
               2.9860001                     -0.59821973
               2.9879999                     -0.60617351
                    2.99                     -0.61427868
               2.9920001                     -0.62245793
                   2.994                     -0.63063222
               2.9960001                     -0.63872162
               2.9979999                     -0.64664528
                       3                     -0.65432292

